Granja,Sep-2024,Oct-2024,Nov-2024,Dec-2024,Jan-2025,Feb-2025,Mar-2025,Apr-2025,May-2025,Jun-2025,Jul-2025,Aug-2025,Sep-2025,Oct-2025,Nov-2025,Dec-2025,Jan-2026,Feb-2026,Total
Anglet_P,4200,4200,4200,2200,2200,2200,2200,2200,2200,2200,2200,2200,2200,2200,2200,2200,2200,2200,45600
Cervo Sole,1900,1900,1900,1000,1000,1000,1000,1000,1000,1000,1000,1000,1000,1000,1000,650,650,650,19650
Couso i+d,300,300,300,325,325,325,325,325,325,325,325,325,325,325,325,325,325,325,5775
Hafnir_P,7000,7000,7000,7000,7000,7000,7000,7000,7000,7000,7000,7000,7000,12000,12000,10000,10000,10000,145000
Tocha Sole,4000,4000,4000,4000,4000,4000,4000,4000,1000,1000,1000,1000,1000,1000,1000,650,650,650,40950
Total,17400,17400,17400,14525,14525,14525,14525,14525,11525,11525,11525,11525,11525,16525,16525,13825,13825,13825,256975
