"Granja","Jul-2024","Aug-2024","Sep-2024","Oct-2024","Nov-2024","Dec-2024","Jan-2025","Feb-2025","Mar-2025","Apr-2025","May-2025","Jun-2025","Jul-2025","Aug-2025","Sep-2025","Oct-2025","Nov-2025","Dec-2025","Jan-2026","Feb-2026","Mar-2026","Apr-2026","May-2026","Jun-2026","Jul-2026","Aug-2026","Sep-2026","Oct-2026","Nov-2026","Dec-2026","Total"
"Anglet",4200,4200,4200,2200,2200,2200,2200,2200,2200,2200,2200,2200,2200,2200,2200,2200,2200,2200,2200,2200,2200,2200,2200,2200,2200,2200,2200,2200,2200,2200,72000
"Couso",300,300,300,325,325,325,325,325,325,325,325,325,325,325,325,325,325,325,325,325,325,325,325,325,325,325,325,325,325,325,9675
"Hafnir",7000,7000,7000,7000,7000,7000,7000,7000,7000,7000,7000,7000,7000,12000,12000,10000,10000,10000,10000,10000,10000,10000,10000,10000,10000,10000,3000,3000,3000,3000,237000
"Cervo",1900,1900,1900,1000,1000,1000,1000,1000,1000,1000,1000,1000,1000,1000,1000,650,650,650,650,650,650,650,650,650,650,650,650,650,650,650,27450
"Tocha",4000,4000,4000,4000,4000,4000,4000,4000,1000,1000,1000,1000,1000,1000,1000,650,650,650,650,650,650,650,650,650,650,650,650,650,650,650,48750
"Total",17400,17400,17400,14525,14525,14525,14525,14525,11525,11525,11525,11525,11525,16525,16525,13825,13825,13825,13825,13825,13825,13825,13825,13825,13825,13825,6825,6825,6825,6825,394875
